q-learning:
52, 37, 38, 39, 40, 41, 45, 44, 8, 9 - Total_distance: 158, Steps: 9
9, 53, 43, 42, 41, 40, 39, 38, 37, 36, 46, 47, 48, 29 - Total_distance: 253.29999999999998, Steps: 13
29, 28, 27, 26, 25, 24, 23, 22, 21, 20, 19, 18, 17 - Total_distance: 175, Steps: 12

sarsa:
52, 51, 50, 49, 39, 40, 41, 45, 44, 43, 53, 9 - Total_distance: 151.2, Steps: 11
9, 10, 11, 57, 58, 59, 60, 22, 23, 24, 25, 26, 27, 28, 29 - Total_distance: 160, Steps: 14
29, 28, 27, 26, 25, 24, 23, 22, 21, 20, 19, 18, 17 - Total_distance: 175, Steps: 12

a-star:
52, 51, 38, 39, 40, 41, 42, 43, 53, 9 - Total_distance: 131.2, Steps: 9
9, 10, 56, 57, 58, 59, 60, 22, 23, 24, 25, 26, 27, 48, 29 - Total_distance: 150.29999999999998, Steps: 14
29, 48, 27, 26, 25, 24, 23, 22, 60, 59, 58, 12, 13, 14, 15, 16, 17 - Total_distance: 169.1, Steps: 16

largura:
52, 37, 38, 39, 40, 41, 42, 43, 53, 9 - Total_distance: 154.2, Steps: 9
9, 53, 43, 42, 41, 40, 39, 38, 37, 36, 46, 47, 48, 29 - Total_distance: 253.29999999999998, Steps: 13
29, 48, 27, 26, 25, 24, 23, 22, 21, 20, 19, 18, 17 - Total_distance: 169.1, Steps: 12

profundidade:
52, 37, 38, 39, 40, 41, 42, 43, 44, 45, 3, 4, 5, 6, 7, 8, 9 - Total_distance: 268, Steps: 16
9, 10, 11, 12, 13, 14, 15, 16, 17, 18, 19, 20, 21, 22, 23, 24, 25, 26, 27, 28, 29 - Total_distance: 280, Steps: 20
29, 30, 31, 32, 33, 34, 35, 36, 37, 38, 39, 40, 41, 42, 43, 44, 45, 3, 4, 5, 6, 7, 8, 9, 10, 11, 12, 13, 14, 15, 16, 17 - Total_distance: 478, Steps: 31